********List all processes********
PID:
1
2
3
4
5
6
11
12
13
14
15
16
17
18
19
20
21
22
24
25
27
28
29
30
31
32
33
34
35
36
37
38
39
40
42
43
44
45
46
47
48
49
54
55
62
64
68
107
110
140
141
213
215
216
299
402
403
404
557
558
559
560
567
568
569
572
576
578
584
632
646
648
714
716
769
1236
1292
1306
1322
1323
1369
1417
1511
1519
1669
8020
8030
10201
10209
10210
10216
10217
10218
10220
10225
10229
10239
10243
10247
10248
10253
10262
10271
10321
10336
10362
10366
10370
10393
10396
10405
10420
10421
10423
10426
10437
10442
10449
10452
10458
10466
10481
10502
10516
10517
10527
10528
10531
10533
10534
10537
10539
10545
10546
10549
10551
10553
10554
10557
10559
10565
10597
10612
10614
10617
10627
10629
10680
10765
10789
10793
10809
10820
11665
12114
13046
22554
23928
25375
25386
25389
25392
26801
26803
26859
26903
27063
27179
27063
27193
27224
27227
27230
27404
27664
27687
27729
27795
27063
28449
28475
28572
29126
29637
30032
30060
30816
30885
31057
31259
31277
31510
31591
31621
31848
31921
31942
31955
31999
32004
32005
